1.0000000000 11.0000000000 2.7732500000 2.4070662991 0.3661837009
2.0000000000 11.0000000000 3.7484400000 3.6386933889 0.1097466111
3.0000000000 11.0000000000 3.1447900000 1.9450744189 1.1997155811
4.0000000000 11.0000000000 3.7136100000 3.4224443070 0.2911656930
5.0000000000 12.0000000000 2.6907400000 2.1494687983 0.5412712017
6.0000000000 12.0000000000 2.6668400000 2.2071663209 0.4596736791
7.0000000000 12.0000000000 5.5498300000 5.1902245965 0.3596054035
8.0000000000 12.0000000000 3.8582300000 3.3711454598 0.4870845402
9.0000000000 12.0000000000 3.5062400000 2.9445744283 0.5616655717
10.0000000000 14.0000000000 4.9118200000 4.4414805739 0.4703394261
11.0000000000 14.0000000000 7.9156700000 6.6478181079 1.2678518921
12.0000000000 12.0000000000 5.2222600000 3.9098343419 1.3124256581
13.0000000000 12.0000000000 4.2773500000 3.4961243870 0.7812256130
14.0000000000 14.0000000000 1.5535800000 1.5535800000 0.0000000000
15.0000000000 14.0000000000 7.8753300000 4.4739370696 3.4013929304
16.0000000000 12.0000000000 4.5096300000 3.1984526792 1.3111773208
17.0000000000 12.0000000000 5.7616800000 4.4862980550 1.2753819450
18.0000000000 12.0000000000 4.3873900000 3.4362235145 0.9511664855
19.0000000000 12.0000000000 4.0095100000 3.9236307881 0.0858792119
20.0000000000 12.0000000000 7.4423700000 6.2338846823 1.2084853177
21.0000000000 11.0000000000 7.9025400000 7.2580031306 0.6445368694
22.0000000000 11.0000000000 6.7054100000 6.2634578429 0.4419521571
23.0000000000 11.0000000000 6.6234900000 5.9628252324 0.6606647676
24.0000000000 11.0000000000 3.2851500000 3.1931446396 0.0920053604
25.0000000000 11.0000000000 1.6171900000 1.1263449450 0.4908450550
26.0000000000 11.0000000000 3.6758300000 3.5562842488 0.1195457512
27.0000000000 11.0000000000 1.8316800000 1.8316800000 0.0000000000
28.0000000000 11.0000000000 3.6880300000 2.7507405593 0.9372894407
29.0000000000 12.0000000000 5.6479000000 5.5133560094 0.1345439906
30.0000000000 12.0000000000 4.3738700000 3.7687866234 0.6050833766
31.0000000000 12.0000000000 4.5480800000 4.5480800000 0.0000000000
32.0000000000 12.0000000000 5.4445100000 5.3707314892 0.0737785108
33.0000000000 12.0000000000 4.2965000000 3.6632808405 0.6332191595
34.0000000000 14.0000000000 9.2576200000 6.8787706336 2.3788493664
35.0000000000 14.0000000000 3.7649200000 2.6490699561 1.1158500439
36.0000000000 12.0000000000 3.5327500000 3.2883937601 0.2443562399
37.0000000000 12.0000000000 4.3410900000 3.1844435436 1.1566464564
38.0000000000 14.0000000000 6.8950300000 6.1055016733 0.7895283267
39.0000000000 14.0000000000 8.1476000000 6.3243916178 1.8232083822
40.0000000000 12.0000000000 4.5490100000 3.3065206367 1.2424893633
41.0000000000 12.0000000000 5.8311000000 5.1408727144 0.6902272856
42.0000000000 12.0000000000 5.8967600000 5.2223915487 0.6743684513
43.0000000000 12.0000000000 4.1774700000 3.8500904339 0.3273795661
44.0000000000 12.0000000000 2.0670400000 1.2961014554 0.7709385446
45.0000000000 11.0000000000 5.1080500000 4.1164608368 0.9915891632
46.0000000000 11.0000000000 5.0460400000 4.3963256631 0.6497143369
47.0000000000 11.0000000000 3.7640800000 3.4675562900 0.2965237100
48.0000000000 11.0000000000 5.2852000000 4.8637562102 0.4214437898
